,Start,End
0,2022-04-18 11:50:11.786053,2022-04-18 11:50:11.919042
1,2022-04-18 11:50:13.944111,2022-04-18 11:50:13.987835
2,2022-04-18 11:50:15.493135,2022-04-18 11:50:15.531801
3,2022-04-18 11:50:15.614036,2022-04-18 11:50:15.656273
4,2022-04-18 11:50:18.890271,2022-04-18 11:50:18.969746
5,2022-04-18 11:50:22.686589,2022-04-18 11:50:22.723457
6,2022-04-18 11:50:23.874005,2022-04-18 11:50:23.953853
