camera_matrix:
- [434.0729328110524, -5.79058435393742, 517.8846331513695]
- [0.0, 554.6332179584365, 379.0664209362368]
- [0.0, 0.0, 1.0]
dist_coeff:
- [-0.20055500616736113]
- [0.38001386452809355]
- [-0.44909067357478466]
- [0.1747405822292012]
