camera_matrix:
- [240.4051907273374, 1.5125285980443914, 508.54621102663566]
- [0.0, 248.76980640420538, 385.52796034558116]
- [0.0, 0.0, 1.0]
dist_coeff:
- [1.5007611410145791]
- [-2.969745777924514]
- [2.764821110539417]
- [-1.1692910659400413]
